[4,4,4,6,4,2,1,2,3,2,3,2,3,2,1,10,10,9,12,8,7,7,7,8,7,7,5,4,2,1,10,10,7,11,15,13,9,11,14,5,2,2,2,0,0,5,6,5,20,56,17,4,14,56,15,2,0,-1,-1,-1,3,6,8,43,36,3,0,4,40,36,9,0,-1,-1,-2,8,10,21,55,10,0,1,2,13,43,32,7,0,-1,0,8,9,37,52,4,1,2,7,12,17,21,22,9,1,-1,4,7,36,71,-1,-2,6,42,70,72,43,18,28,13,-2,2,3,56,68,0,-4,36,74,57,70,79,68,29,48,3,8,13,60,87,61,13,19,13,1,8,21,65,63,60,29,7,11,43,86,92,44,2,-2,-6,-4,-3,31,58,53,47,15,12,18,56,65,32,8,-2,-5,-5,6,53,40,72,55,13,9,5,13,16,9,9,2,-6,-4,45,92,80,94,50,9,5,2,3,7,14,43,46,-4,-5,65,92,88,88,45,5,5,2,6,15,25,47,60,7,0,69,81,69,79,36,9,14,9,9,21,36,41,45,39,14,37,43,61,78,17,16,21,13,9,13,32,42,47,59,31,10,32,82,56,1,20,31,20,21,18,23,34,40,68,45,12,19,43,10,-2,31,47,32,28,16,20,19,21,45,51,23,4,1,-4,-3,52,83,47,30,19,13,13,13,16,24,18,7,0,-5,-5,80,95,64,24,16,11,7,6,5,7,6,4,-1,-5,-3,86,103,83,36,19,11,7,2,2,1,0,-1,-4,-6,-3,85,101,86,47,27,13,5,1,-2,-1,-3,-5,-5,-8,-5,84,105,93,61,37,19,7,2,-3,-1,-3,-5,-8,-8,-4,][257,937,541,1372,643,556,117,1861,]
[[257, 937], [541, 1372], [643, 556], [117, 1861]]
[4,4,4,68,5,3,3,2,4,3,2,3,3,3,1,8,7,7,9,5,4,4,5,5,5,4,3,2,2,0,7,7,6,8,10,13,9,12,13,6,3,2,2,1,0,7,7,6,20,58,17,5,15,55,14,4,2,0,-18,0,4,6,8,43,35,3,0,4,41,37,8,1,-1,-1,-1,8,10,22,56,10,1,1,2,13,44,32,7,0,-1,0,8,11,38,54,5,1,3,7,13,17,21,23,10,1,0,4,7,57,71,-1,-3,5,42,70,72,44,19,29,15,-2,2,2,55,67,0,-2,38,73,59,69,79,68,30,48,3,6,13,58,87,60,12,19,12,0,7,20,64,64,59,30,8,11,41,84,92,43,3,-4,-6,-3,-2,30,58,52,47,16,11,17,56,63,32,8,-1,-5,-5,8,52,41,72,57,13,10,7,13,16,10,9,2,-6,-1,46,92,83,96,53,7,5,2,2,7,14,42,45,-2,-2,66,93,89,88,46,3,6,3,7,16,27,48,62,9,1,72,82,69,80,37,9,15,8,10,21,36,40,45,37,15,37,42,60,79,17,17,23,16,13,15,36,43,51,62,33,13,34,84,58,3,22,32,22,21,18,25,34,42,68,47,12,20,43,11,-2,32,49,33,29,16,20,21,22,46,52,25,6,2,-3,-1,52,83,45,29,17,13,12,11,15,25,18,5,0,-5,-3,82,95,65,24,16,13,7,6,6,9,6,5,-1,-3,-2,87,104,82,37,19,13,6,2,3,1,2,-1,-3,-5,-2,86,103,88,49,29,13,6,2,-1,0,-1,-3,-4,-6,-4,84,105,94,62,38,20,6,2,-2,-1,-3,-6,-8,-8,-4,][256,938,539,1371,643,553,117,1864,]
[[256, 938], [539, 1371], [643, 553], [117, 1864]]
[4,6,4,7,4,2,2,3,3,3,3,3,2,3,1,7,6,7,8,4,3,3,4,4,4,4,3,2,2,0,11,11,8,11,15,13,9,11,13,6,3,3,1,1,0,5,6,5,69,37,13,4,10,36,10,3,1,0,0,0,3,6,8,42,36,2,0,4,40,36,8,0,-1,0,-2,7,9,21,55,9,1,0,2,12,43,32,7,0,-2,-1,6,9,55,82,4,0,2,9,19,24,32,36,13,0,-1,5,10,57,72,0,-3,6,41,71,72,43,19,30,15,-3,1,1,55,67,0,-4,36,73,59,71,79,68,30,51,2,8,12,60,88,60,13,17,12,0,7,20,63,65,60,31,7,9,43,85,94,44,2,-2,-6,-4,-2,30,58,52,48,16,10,16,53,63,32,8,-1,-4,-5,7,49,39,72,55,13,9,5,11,13,9,9,3,-6,-3,45,91,82,94,53,9,5,2,3,6,15,43,47,-2,-1,66,93,90,89,46,5,6,3,6,15,24,48,63,7,1,73,81,70,79,38,8,15,7,9,20,34,39,44,37,13,38,41,60,78,16,15,22,13,11,14,34,41,48,60,32,10,32,83,56,2,20,32,21,19,17,24,32,40,67,44,11,17,41,10,-4,31,48,32,27,16,17,19,21,44,51,24,5,0,-4,-3,54,81,43,27,16,13,11,9,13,23,18,5,-1,-5,-6,82,95,63,25,16,13,9,5,5,8,5,5,-1,-5,-1,86,101,80,35,19,10,5,2,1,2,0,-1,-5,-7,-3,87,101,85,48,29,13,5,0,-1,-1,-1,-4,-4,-8,-4,84,106,94,60,37,19,7,2,-3,-2,-3,-5,-7,-8,-4,][254,935,538,1370,643,556,119,1864,]
[[254, 935], [538, 1370], [643, 556], [119, 1864]]
[4,6,4,7,4,2,2,3,3,3,3,3,2,3,1,7,6,7,8,4,3,3,4,4,4,4,3,2,2,0,11,11,8,11,15,13,9,11,13,6,3,3,1,1,0,5,6,5,13,35,11,4,9,34,10,3,2,0,0,1,4,7,7,40,37,4,1,5,41,36,8,1,0,-1,-1,8,11,20,55,11,1,1,2,13,44,33,8,0,-13,-2,7,9,34,53,4,0,2,6,11,16,20,23,9,0,-1,3,7,35,40,0,-2,3,26,45,47,28,13,20,10,-2,3,2,35,44,1,-1,22,48,39,46,52,45,20,34,4,5,7,37,56,38,8,12,8,1,6,13,40,42,39,20,6,6,42,87,94,46,4,-2,-6,-2,-1,29,59,54,50,17,13,18,55,65,33,8,-1,-5,-4,5,46,40,72,58,13,10,7,13,16,9,8,1,-5,-2,43,91,80,96,53,9,5,2,2,5,12,36,46,-1,-1,63,93,89,89,47,7,5,2,6,13,23,47,64,9,0,69,83,70,81,39,9,13,8,10,19,33,40,44,37,13,36,44,60,80,18,14,20,13,11,14,32,43,47,57,34,10,31,82,59,2,20,29,20,20,17,24,34,40,67,43,13,18,43,13,-1,28,43,30,29,18,19,20,21,44,49,22,5,2,-3,-3,50,79,47,31,19,16,13,12,16,24,18,5,0,-5,-3,79,95,65,24,16,12,7,5,5,8,5,3,-1,-4,-4,87,104,83,36,19,13,7,4,2,2,2,0,-3,-6,-1,88,104,89,52,30,16,7,2,0,2,-1,-1,-5,-6,-1,86,109,96,63,40,21,10,5,-1,1,-1,-2,-5,-6,-1,][256,815,542,1375,644,558,119,1865,]
[[256, 815], [542, 1375], [644, 558], [119, 1865]]
[5,5,4,6,4,3,2,2,5,4,4,4,3,4,1,10,9,9,11,8,5,5,6,8,7,5,5,2,2,0,13,10,7,9,13,12,7,10,60,4,3,1,1,1,0,5,4,4,12,35,12,4,9,35,10,3,2,0,0,0,2,4,6,39,35,2,0,3,40,36,7,0,-1,-2,-3,8,9,19,55,10,1,-1,2,19,67,49,10,-1,-4,-4,10,14,54,82,4,0,3,6,11,16,19,22,10,1,-1,3,6,35,47,-1,-1,3,26,45,47,28,12,18,9,-2,2,2,34,44,0,-2,22,47,37,45,51,45,19,32,4,5,8,37,57,38,8,11,8,0,5,13,41,42,38,20,5,6,27,56,60,29,2,-1,-3,-2,-1,18,37,53,48,17,12,17,53,61,29,8,-1,-4,-5,6,47,39,71,56,15,9,5,12,13,9,9,1,-7,-4,44,92,80,93,52,6,5,0,2,3,12,36,45,-2,-3,63,93,89,89,46,6,7,2,6,15,24,47,62,8,2,69,83,71,79,36,9,13,9,9,20,33,38,43,31,10,33,40,59,79,16,14,20,13,10,13,32,41,44,52,24,9,26,82,56,1,20,30,20,20,18,24,33,40,63,39,9,15,43,11,-5,29,45,31,28,16,18,19,21,41,45,20,4,0,-4,-3,50,81,45,29,18,14,12,9,13,21,16,4,0,-5,-6,80,92,64,24,16,12,6,5,5,6,5,3,-3,-5,-3,87,103,82,35,19,10,6,2,1,2,1,-1,-4,-6,-2,86,101,86,48,27,13,5,1,-2,-1,-2,-5,-6,-7,-5,83,105,93,59,37,18,5,0,-4,-1,-3,-7,-8,-8,-5,][254,937,581,1464,644,559,119,1865,]
[[254, 937], [581, 1464], [644, 559], [119, 1865]]
[8,10,7,11,7,4,2,5,5,5,5,5,5,4,1,10,9,10,12,7,6,5,6,7,5,5,4,4,3,1,13,12,9,11,16,13,9,12,15,7,3,4,4,1,0,5,5,5,18,56,16,4,15,56,14,3,0,-1,-1,-1,5,9,11,63,53,4,0,5,63,56,12,-1,-3,-3,-4,13,16,31,85,15,0,0,2,19,67,49,10,0,-3,-2,12,16,55,83,6,2,3,10,20,26,32,36,16,1,-1,3,9,54,72,-1,-4,4,42,71,73,45,20,29,16,-3,2,2,53,69,0,-4,34,72,57,69,79,71,31,52,5,9,12,57,88,59,13,17,12,2,9,19,63,67,60,31,7,9,40,85,92,43,3,-2,-7,-4,-1,26,57,52,49,18,13,16,52,60,29,7,-2,-5,-4,8,48,39,71,56,14,9,4,11,14,7,7,2,-6,-3,43,91,79,94,50,9,5,0,2,6,12,36,47,0,-1,61,94,89,89,47,6,6,3,6,15,24,45,63,7,1,68,83,68,79,38,9,15,9,10,20,35,40,43,31,9,31,37,59,79,16,18,24,16,15,18,36,46,48,53,24,11,28,83,60,5,20,30,22,22,19,24,35,40,62,36,9,13,40,10,-1,29,46,31,29,16,18,20,20,41,44,18,4,1,-3,-2,50,81,46,30,19,13,13,11,16,21,16,4,0,-4,-2,81,93,64,24,16,12,7,5,5,7,6,2,-1,-5,-3,88,104,83,37,19,11,8,3,2,2,1,-1,-5,-5,-2,87,103,88,49,29,14,8,2,0,0,-2,-2,-5,-6,-4,84,106,94,60,37,19,7,1,-2,-1,-2,-6,-6,-7,-4,][256,810,532,1369,644,558,119,1861,]
[[256, 810], [532, 1369], [644, 558], [119, 1861]]
[7,8,7,9,6,4,2,3,5,3,4,3,4,2,2,10,9,9,11,6,5,5,5,6,5,3,4,2,2,0,11,10,9,10,15,12,9,12,13,6,4,2,3,1,0,5,5,5,18,54,16,3,13,55,13,2,0,-1,-3,-1,3,8,9,63,54,4,0,5,63,56,13,0,-1,-2,-3,12,15,31,86,15,1,0,2,19,67,50,10,0,-2,-3,11,15,52,83,5,1,3,9,19,24,30,35,15,0,-2,5,10,56,72,-1,-4,5,41,70,73,43,19,31,16,-2,6,4,55,69,2,-3,36,73,59,71,81,71,32,52,5,7,11,56,87,59,11,17,12,0,7,20,63,65,60,30,8,9,40,85,94,46,3,-2,-5,-4,-1,29,58,54,50,16,13,16,53,62,30,8,-2,-3,-3,7,51,40,71,57,15,11,5,13,13,9,9,3,-5,-2,45,92,80,95,52,9,5,1,2,5,13,38,46,-1,-1,63,94,89,89,47,6,6,2,6,13,23,47,62,9,1,69,83,69,80,37,8,14,9,10,21,33,40,43,32,10,32,40,58,78,17,16,21,13,10,16,34,43,46,52,24,9,26,82,57,2,20,30,20,20,19,25,35,40,63,38,10,15,41,12,-1,29,46,33,30,19,20,20,23,43,47,21,6,2,-3,-1,50,81,46,30,18,13,11,11,14,23,16,5,0,-5,-5,81,94,65,24,16,13,9,5,5,8,6,4,-1,-5,-2,87,101,83,36,19,11,7,1,2,2,1,-1,-4,-6,-3,86,102,88,48,29,13,5,2,-1,0,0,-4,-5,-7,-2,84,106,95,60,38,18,8,1,-2,-1,-2,-6,-7,-8,-5,][255,810,578,1466,644,558,119,1867,]
[[255, 810], [578, 1466], [644, 558], [119, 1867]]
[7,8,7,9,6,4,2,61,4,3,2,2,2,1,1,6,5,6,6,3,3,3,4,4,3,3,2,2,2,1,7,7,5,7,9,8,6,8,9,4,3,2,2,0,1,6,6,6,71,35,11,4,10,36,10,3,0,0,0,0,4,6,7,41,35,3,0,4,41,37,8,1,-1,-1,-2,8,10,20,56,11,1,1,2,14,44,33,8,0,-1,0,8,9,35,83,4,1,3,9,18,24,32,35,15,0,-2,5,9,56,73,0,-2,4,27,45,47,28,12,19,9,-1,2,2,35,44,1,-2,22,46,37,44,51,44,21,33,2,6,7,37,56,37,7,11,7,2,5,13,41,42,39,20,6,6,25,55,60,28,1,-2,-5,-3,-1,17,37,33,31,12,9,11,34,40,20,6,0,-2,-1,5,32,26,46,37,10,7,4,7,9,6,5,2,-3,-2,29,60,52,61,34,5,4,1,1,3,8,24,29,-1,-1,40,61,57,57,30,4,5,3,5,9,15,31,42,6,1,44,54,44,52,24,9,14,7,9,19,34,38,41,32,10,33,39,59,79,16,16,20,13,11,15,33,43,46,52,24,8,27,81,59,2,21,31,22,21,19,24,35,40,63,38,10,14,41,11,-1,29,46,32,29,18,20,20,22,43,47,20,5,2,-3,-2,52,83,47,32,19,14,13,13,15,23,17,5,1,-4,-2,81,94,63,26,16,11,9,5,5,8,5,3,-1,-4,-1,87,103,83,36,19,12,7,4,1,2,2,0,-5,-5,-2,87,102,89,50,29,15,7,2,0,-1,0,-2,-5,-6,-1,83,105,95,60,37,18,7,1,-1,-1,-3,-5,-7,-9,-5,][256,810,644,557,119,1864,]
[[256, 810], [644, 557], [119, 1864]]
[7,8,7,10,6,4,3,3,5,5,5,3,4,4,1,10,8,10,12,8,5,5,7,8,6,6,4,3,3,0,10,10,8,9,13,13,9,10,13,5,3,2,2,1,0,4,5,4,13,35,11,4,9,35,10,3,0,0,-1,-1,3,6,7,40,35,3,0,3,40,36,9,0,-1,-2,-3,8,9,19,54,10,0,0,2,18,67,50,11,0,-3,-3,10,14,54,83,5,0,2,6,11,16,20,22,9,0,-2,2,7,35,47,0,-2,3,26,45,47,30,13,20,11,-2,3,2,35,45,1,-1,22,48,39,46,52,45,21,34,4,5,7,37,56,37,7,11,8,0,5,12,40,42,38,20,7,6,26,56,61,29,1,0,-3,-1,-1,18,37,34,49,18,13,18,55,63,30,9,-1,-4,-4,8,47,40,72,57,14,11,5,12,15,8,6,2,-5,-3,43,91,80,95,53,7,4,1,1,5,10,35,43,-2,-3,61,92,89,87,44,8,7,4,7,15,24,46,63,9,2,68,83,69,81,38,9,15,8,9,20,32,37,41,31,9,32,40,57,79,17,16,21,13,12,15,33,43,45,53,24,9,28,83,60,3,19,29,20,20,16,22,33,39,61,38,9,14,42,11,-4,29,44,32,28,16,18,20,22,43,48,21,5,0,-3,-2,49,79,45,29,19,13,13,10,13,23,16,6,0,-5,-5,82,94,66,25,16,13,9,6,6,9,7,3,-1,-3,-1,87,102,83,36,19,12,7,3,2,1,0,-1,-4,-6,-3,88,103,87,50,29,15,8,2,0,0,-1,-2,-4,-6,-1,84,107,93,61,38,20,8,2,-4,0,-2,-5,-7,-8,-4,][255,936,644,558,119,1865,]
[[255, 936], [644, 558], [119, 1865]]
[6,9,7,10,6,4,2,2,5,3,3,4,4,3,0,13,10,10,12,9,7,6,8,9,8,6,5,5,4,2,13,12,9,13,14,13,10,13,16,8,5,4,4,2,1,7,8,7,19,54,17,6,13,57,16,4,1,0,0,0,5,8,11,63,56,5,1,7,62,58,13,0,-2,-1,-2,12,15,28,85,15,1,0,2,18,67,52,12,0,-2,-3,10,13,52,83,5,0,2,9,16,24,32,36,15,-1,-1,3,10,54,73,-1,-3,4,41,70,73,44,13,21,10,-1,2,1,34,45,1,-2,20,47,37,45,51,45,21,34,3,5,7,37,56,36,7,10,8,0,3,12,39,41,38,20,7,6,26,56,60,28,2,-1,-4,-2,-1,17,37,35,32,11,9,11,33,38,17,4,-1,-3,-3,4,29,23,45,37,10,8,4,7,8,5,5,1,-3,-3,27,90,80,96,52,9,6,2,2,3,9,29,38,-3,-4,60,93,86,88,45,5,7,3,5,13,17,38,56,6,0,64,81,67,80,37,9,15,8,9,18,30,34,36,27,8,29,39,57,79,18,16,20,14,10,14,29,37,43,51,28,11,32,84,63,3,17,24,17,16,14,21,32,36,63,47,16,22,50,15,-4,25,40,29,25,15,17,20,21,44,54,35,12,3,-2,-1,47,76,41,27,17,13,12,11,15,26,23,10,1,-3,-3,79,92,62,24,16,13,8,5,5,8,7,5,-1,-4,-1,86,101,81,35,18,11,6,2,2,0,0,-1,-4,-8,-3,85,101,86,47,29,14,5,0,-2,-1,-3,-5,-8,-8,-5,84,105,94,60,39,20,8,1,-2,-1,-4,-8,-8,-10,-5,][256,936,644,558,119,1877,]
[[256, 936], [644, 558], [119, 1877]]
[7,9,7,10,6,4,2,2,5,4,5,4,3,3,1,9,9,8,9,5,4,4,5,5,7,5,3,2,2,0,12,10,7,10,11,9,7,10,13,7,3,4,3,1,0,6,7,5,16,46,13,4,14,52,14,4,2,-1,-1,0,4,6,9,60,52,4,0,5,63,54,13,0,-1,-3,-4,12,16,27,87,17,2,1,5,21,69,52,13,1,-1,-1,9,13,50,83,5,0,2,9,19,25,31,36,15,0,-2,5,10,54,73,0,-1,6,40,71,75,47,20,32,16,-2,2,2,52,69,1,-3,30,69,56,67,77,69,32,50,2,9,13,58,89,53,10,13,11,2,6,18,64,63,61,29,9,9,40,85,91,34,1,-2,-5,-1,-1,27,47,52,44,19,15,17,45,48,20,5,1,-1,-1,7,36,32,72,52,16,12,5,6,8,5,5,2,-2,-1,41,89,78,96,47,11,7,2,0,3,8,22,32,0,-1,62,96,89,89,41,10,9,5,5,10,15,26,40,5,2,60,81,67,81,33,15,18,13,13,20,27,30,24,13,5,22,32,55,79,15,20,24,16,15,17,29,37,35,23,10,5,19,79,55,2,24,32,24,23,20,23,31,32,33,16,5,8,32,9,-1,31,45,32,29,18,17,19,18,25,21,10,2,1,-1,-1,51,79,43,29,17,12,12,9,11,13,6,2,0,-5,-3,79,92,63,24,16,11,5,5,5,6,2,1,-3,-5,-3,88,102,83,36,17,11,7,2,2,2,0,-2,-5,-7,-2,87,102,88,47,27,13,5,2,0,0,0,-3,-5,-7,-2,85,106,95,56,32,14,6,2,-1,-1,-2,-6,-8,-8,-4,][254,785,644,560,119,1856,]
[[254, 785], [644, 560], [119, 1856]]
[8,9,7,12,7,2,2,2,2,3,3,2,2,3,2,7,6,6,7,4,4,3,5,4,4,4,3,3,3,1,8,7,5,7,8,6,5,10,13,7,4,3,3,2,0,7,6,5,16,42,13,4,64,33,9,2,1,0,-1,0,2,4,5,37,34,3,0,4,41,36,8,1,-1,-1,-2,7,10,16,55,11,1,0,2,13,44,33,8,0,-1,-1,7,9,32,54,4,1,3,6,12,17,21,24,11,1,0,2,7,34,47,0,-2,3,26,46,48,30,13,22,10,-1,3,3,34,45,1,-2,17,45,35,41,48,46,22,34,3,7,8,35,57,32,5,7,6,1,5,15,62,62,59,29,12,11,39,87,90,32,2,-1,-3,-1,0,24,47,55,44,20,16,16,43,44,17,5,0,-2,-1,7,33,30,72,51,16,10,3,5,5,5,4,1,-5,-1,37,87,76,95,46,12,7,2,0,2,7,19,33,0,-1,56,96,89,89,40,9,9,4,5,9,13,24,40,4,2,56,78,63,79,32,12,16,10,12,19,27,30,24,12,4,18,26,50,78,16,18,24,17,15,18,30,39,35,25,9,5,14,71,52,3,23,29,23,22,19,23,30,32,35,16,5,6,26,9,-1,29,43,32,30,19,18,19,19,28,26,11,3,1,-1,-1,52,79,47,31,20,14,13,12,13,14,11,3,1,-3,-1,80,92,62,24,15,12,6,5,5,5,3,1,-3,-5,-2,87,102,82,36,19,10,6,2,1,2,1,-1,-5,-7,-2,86,101,88,47,28,13,5,1,-1,0,-1,-4,-6,-8,-5,85,107,94,59,36,17,8,2,-1,-1,-1,-4,-7,-8,-4,][253,810,645,559,119,1863,]
[[253, 810], [645, 559], [119, 1863]]
[4,6,4,7,3,1,1,2,3,2,2,2,1,2,0,6,5,5,6,3,2,2,3,4,3,2,2,2,2,0,13,12,8,10,11,9,7,10,13,6,3,2,3,1,0,3,5,4,16,41,13,4,13,50,14,4,0,-2,-3,-1,4,7,9,56,52,4,0,5,63,57,13,2,0,-1,-2,10,14,79,54,11,1,0,2,13,44,33,8,1,0,-1,7,9,31,54,4,0,1,6,11,16,20,24,11,0,-1,3,7,33,48,0,-2,3,25,45,47,30,14,23,10,-2,4,3,34,46,2,-1,17,44,36,41,49,46,34,52,5,11,12,54,88,49,9,11,11,2,5,17,62,63,60,29,10,9,38,85,89,30,2,-2,-3,-1,0,24,47,56,45,20,16,15,42,46,17,5,-1,-1,-2,5,31,31,73,52,16,10,4,6,7,5,5,1,-3,-1,36,88,79,96,47,14,6,0,0,2,5,16,31,0,-1,56,98,89,88,41,9,7,4,3,10,14,22,40,6,2,54,79,64,79,32,14,16,13,12,18,28,29,24,14,5,18,27,47,77,14,18,21,17,15,17,30,37,35,22,9,5,9,59,47,2,24,30,24,24,20,24,33,32,31,13,5,5,17,6,-1,31,42,32,30,19,18,20,20,24,17,7,2,1,-1,-1,50,77,44,31,20,13,13,12,12,11,7,0,0,-3,-2,80,92,63,24,17,13,9,5,6,5,4,2,-2,-5,-2,88,102,83,36,18,12,8,4,2,2,0,-1,-5,-7,-3,88,103,88,47,27,13,5,2,0,0,-1,-3,-5,-8,-2,84,107,94,59,35,17,6,2,-1,0,-2,-5,-5,-9,-5,][253,805,645,560,119,1866,]

